spawns: 
  default: 
    world: Murder_world
    x: 13423.433638122831
    y: 72.0625
    z: 2853.2467259143045
    yaw: -177.76616
    pitch: -3.75027
